102 195 184 195 184 214 102 214##::면접참가확인서
189 195 222 195 222 214 189 214##::면접참가자
562 252 603 252 603 275 562275##::사항
132 255 190 255 190 270 132 270##::성명
423 255 466 255 466 270 423 270##::전민기
245 256 343 256 343 280 245 280##::성별
515 289 644 289 644 308 515 308##::남자
423 291 466 291 466 308 423 308##::생년월일
132 292 190 292 190 310 132 310##::940423
240 296 316 296 316 313 240 313##::연락처
133 330 192 330 192 348 133 348##::010-1234-1691
239 332 294 332 294 349 239 349##::면접일자
303 333 360 333 360 351 303 351##::2022
140 368 259 368 259 385 140 385##::12.19
266 368 302 368 302 385 266 385##::면접분약(채용예정
359 368 387 368 387 389 359 389##::직무)
396 367 454 370 453 392 395 389##::AI
105 448 155 448 155 467 105 467##::개발자
160 448 193 448 193 466 160 466##::2
83 450 96 450 96 464 83 464##::면접관
521 498 592 500 592 523 520 521##::사항
239 502 285 502 285 526 239 526##::성명
420 502 477 502 477 518 420 518##::윤영선
592 504 656 504 656 521 592 521##::강사님
143 505 185 505 185 521 143 521##::소속부서
291 505 340 505 340 526 291 526##::에이아이
420 540 477 540 477 555 420 555##::아카데미
142 542 185 540 186 557 143 559##::연락처
231 543 313 543 313 562 231 562##::010-1234
326 543 370 543 370 560 326 560##::5678
379 612 444 612 444 633 379 633##::서명
450 612 535 612 535 631 450 631##::이
217 614 248 614 248 634 217 634##::사람은
256 614 288 614 288 631 256 631##::위와
294 614 341 614 341 631 294 631##::같이
349 614 382 614 382 633 349 633##::당사
122 615 171 615 171 634 122 634##::면접에
177 615 211 615 211 631 177 631##::참여
99 617 114 617 114 631 99 631##::하였음을
346 699 436 699 436 716 346 716##::확인합니다.
436 699 489 702 488 720 435 717##::회사명
222 704 285 704 285 721 222 721##::에이아이아
349 738 382 738 382 762 349 762##::카데미
222 741 285 741 285 759 222 759##::업종
220 781 283 781 283 798 220 798##::교육
354 781 398 781 398 806 354 806##::소재지
218 820 285 820 285 839 218 839##::전화번호
349 820 449 822 448 838 349 836##::010-1234-
450 819 496 821 496 840 449 837##:v5678
218 861 285 861 285 877 218 877##::대표자
349 860 401 863 399 888 348 886##::윤영선
623 863 656 863 656 882 623 882##::강사님
409 865 460 868 459 890 408 888##::(인)
